1 2 0 6 0
0.3122500686951886477298083186868274551991088220170268180759761509669187664934049899999912301502168348470015260022771540964806015304459692022753377735184864
0.1143096538573461505873711976536504452882818991913012180364034628900697491891299230130270402466500007448561200950076286024957876607044787679451938356213267
0.4104307392189654942878978442515116874878903335189743970941334753050472980542753425525671466117650372639032780143901941336877584919146595997152042253663126
0.0136524959424579598197141870524502104972329906549609948069115133880769857877314464570091925073019165960411816882434151728072686449503679622327443664832403
0.006138008824790747847593713248415351073997717472348419406901213275676690456868757740279489027411159650833493090693372493248530624304984821461142486607535843
0.04473521500521363810718198658491853489976495118439341634004218138177350612756374492698582524118056614081391575421108017461038497590692288916429006234909477
0.121050181145589425993895001595050527628935758517895087670840113204537292268559580466707292951069260358529909657455248739284739803910787110043922008870971
0.2807092578045407974681035885129917241175618269723499463159097531213849357366238458299362226093939592484933682185105466964018643018602056992452090318382074
0.03277946821644267077472102033232419040851756870327249088992749487082955939762693653246450569819348234145378649104519192594084836419603658621111896562570331
0.340184794087107632788987924949671320925028912570843519683764038601297483486167566004526940166225169794071342868414523540208784151051876283668752557958003
0.03248528156482304783551493997842619670399620603663084619986394235984685988395420833801057847465889876321159560708561083315337093025495641953224670027609208
0.133852152212009513097828435964566624796335916064857292248782309633684685832791124158583037063719446824952507184533463830656018465627965834062181387328953
0.1749793421839390242849492265283103972196772284698086480675949812993772772992497985995446339463654689278857384283933308990708499735512306998243566713746763
0.02196947015675594073682547472546953990918272803735170243413342922802575842087993382088809026768583118862102078517061172564328720070421908559568496768167531
