0 4 1 2 0
0.1079527249622108484821932807270736157450844940818855404308781186061806389176216100239028295515947152998856487668477511280518595952658989396334571533331716
0.1851094877825865702769080002517481014999634052317540788818151288527365581376458793321267204671826230508207176151298320930191493178489292103641199547828394
0.04231654368476728162408204284072471405396526885036304019031162525307351887424809158425706004478971111331734110557929721697012909903078974974980935896337099
0.3141817091240389953633287734381316864923437013747914982082079107743198449985139272631021212196537141048382213025915021112575986482086596961157368546229906
0.4355913285838302052281331617965970323714824334575422267695007123671663590861554128488241208045560944818707745428222675749545278742659004117462383723314782
0.02143393012713057484449908942323440518333051585990361665165508472158112880506355899305117943901837083158908706660937030624952299897741892021836810200265567
0.239668076319430527020973264027949739193418763028840389094719570236992319544517517238608306531706859719369936460456902545330426108836756454281224946995857
0.2041393338760291204302902987801845587898067529773748902523428344046232139684704605753014173838565555841246024367045688593184133853825393146595135164484458
0.00792395394579735321274964823230085600604252740713072849270756971951113227041297973691841825787579885069926583881103799881733996834619159808953374986703289
