1 4 1 3 0
6.198169944546508423541900728828642222467174279408773047181351047037425700432011324598451129061264532649134031294388304419241515185940208320012284069537734e-10
0.1607745353952615941519914388853919807362012524725922322148470381214847123579460091201033223988838733108158467054637486278124641550354927774878796804075689
0.3222765218214209742040680984038893298646598397319260599928491868895543651598331108706290252263937942846299973306822239112537639743942573876764214213930327
0.04510891834541358296096307249399692834329953086190816684745046658204611636459103237312422807976639218618304135030912283507231323727144880057524792493883274
0.1122965460043760453279896495301556213555851921181221505452181028231816409159461623134376462473356820467410109646168760540744062398053973581833529895302916
0.4588714487524592732717821092005014768770279915514272614523698150968101617907325648453345511309897159313346266163044852725121854288754141615522804187182738
0.07970252326204012248879175615062470374513677224123115692767260056757985926413790533712834856362794698893827565946461256838634892153116574820126294497111116
0.03377587068533857790548631398920293140396344279424759398571153011923034603084934410484272189787564725853441997901799933046103382225796496895569200542104462
0.2140979321872483351322551274569503871322762236113490310048800008600910895715986443072765678296241593773652403228788821078551744671654076755347562209883119
0.1836413698099278897889687098563692265857052634002127011020644943455036115893389902360398524946932879532154178817540074208003535171552543778847537436120195
0.5983013498019689503328573681758296901754980133980907672985127289729823732650138257773990263036797049953132416655118696681498438659551985826196395376077408
