1 2 3 2
0.9834613326132455712740785140121079496226547762737479057245196287852563214120336568090751802572740416195477670443313613898635979318350607127604300794275938
0.639861418367109761746167155795763070766071684113907015380131653035032511974202990070483654601241790592725635880424181134526007957583216096257441715717664
0.9187784880797114018983943829732042848276363322685888918170292309448687908582618175463336694532163062601343889542882584286584876476589206343204680306222185
0.3796285051867438557927541710354834900535834700273706668174024696628568778911418860968476100747913759527766892791211343592078023111030233714241659958453362
0.6995542165133511102992060328439934064364344485163220282015625349728055068929544916549091678095836799646388472976268826704025177460449660332916114851718216
0.6435973749966181203124981577560026794258928612935450752895360551663539790340775990984849259151631437523740901552227308276140810799905323401464540809303921
0.9750688839059835199365520680381109457251898491625360850687435694398020484433032252120687371230431214154988326015928126022071425894631161296066401896375443
0.3335398811647831028516719980489585782312007707376097981365411965428240886287549286416010648435813814582341461826987317309718580555902540742630657782486323
0.8644276092670619115750726774175072879124179046869259903531771219213112831495482309527330239190478285679723088850521854567476048284487301938500796017169757
