0 2 2 4
0.798098987897007090245551735035961484624203963365246691630743558142817675147800562479870761276880033515604001121407050124830811873089032879072572028786148
0.3038530263984597561026817869096270305845444968984285970735722906677450480846268406909982168306126653853952785319554657927693097323832359457570455765403138
0.8824222701068853599204118866776718454236584210378004558607004380584506595566884876029543305336242609602106982551941991391469041053511381746034137195399715
0.9777897995399026974242468935237586678480217109987950475589985243881570178000481040896115330045875043876726040610865118819514779593446650645926428635122621
0.8087121358195035672400282390141697747108654507376441234102133687046173609853690255899042133433656604261273648418433280596281677271390982980401240973638873
0.5672135733965907031786516908390301240571962849016718354316666637316545426601924455770243346834072264403653264196939672071072717412403869156306196512106581
0.3046547990370525411709859869533388106110558714547753293862928194455838253920887724560825882104547697419596702379827365812756740402035909005696011492864005
0.5787361940358065102601393926470105189111720479997944028739168775421752320218519252022154215736433191025821921747139503407795658941456915886508079586235948
0.98050484372453196154002698773025555849783467079629016881922913102322664521094300841966046816640105898449520950366541756015403164799289725390594727627675
0.697463631990967018793890455182236059599956188534730192913631232226304005548480744960954210657548130927500839417178166023211727066847868191704234564872924
0.2648441558723161771001427482683085606215792023412151682400043177404704421121812208704136447702636640374992978466349449217399045640916048694859767261414757
0.9557425198095117085238750760470026208082942440272324518438383375517473761674404936006337057761913993597735011791548680607221141065358298715879830350575033
