0 2 5 4
0.5450429872091483878701017478266774704785949931460929531495757576842870998776565391974336016959911747087775726481581717860204948137558282670158336010550069
0.9174971882191532081712027775867327711535238015116952687773593916731494929830866821805273875461115365130320866933069978665057561419461726911782209029729669
0.1925542426140468805482724322897823386156288126033597428847425208412111004126126895086955750791371355372608530973708474776707681925024828296577035665454062
0.8713286846954432727134159805921527369592996587862642827670195637944358526703537456620930345782895808824236682422493270073358466968781967623966054964426288
0.6943880900895507516564691872484594143035274959652574044398390208909996266241048330318489896119317426944604279330261123441724143550750717696502201356505122
0.4576829928831555176066499720164489417568486578181871386205916877674678734513790311286332825148659281255942865403288519070608675504591370539680694856598323
0.9692042560915087339680906488621559577370886782121664463741589741835253673835492223310997822513837302444262105291659782803478467627060998807936209607682641
0.7620882760801982757917976594365924704736283994570191900661026506186770452397061927445305718670382463697663227563580256182919547608397202739832554751271848
0.2794777667151921500102837359608340235053193907792172994372424525718270022534118827005391697342689220280492477173891289635437420964054748250641370341704969
0.9073943521982236707040505947884667130984441577536615033247611875690087514559196785165158423442127437030608357154903803200738094164346395935382751614964864
0.5468986704143101064011280785143766588417292371170811690070772988522856370861901951352563418173360052250648171059336419604362327564833345042021616267968847
0.7612486664390827596561494824051254776729209775925729195142666216941010931964885342196749671112498768726032686545987464414169425408547291908816900012916374
0.9837879715015495526131833066497457217121200438608578649272711613315902420090561307629207202342455361637387956701351534129772813935988517762326493671336847
0.9870947070447678254568263327892903071013779911879859570769670972108949883583473524496654019622588478066556100114777951222748573592022366137564712517176956
0.3028074817888613981676883578873623879558436201739609266958322655325240960377091114978998022246599703412804241531345341220549326191914479805649401507388023
