0 3 3 6
0.7143442595727942371980075193078982002286420345836574384322763609053573772873250916211471839976758095633029420072791445882402787272292508340210978861964281
0.2656720521209637563452127694908946824379210620143806969212355468677642903559952108128134083810959132971335857164916343018344525346418790806168763996838782
0.9644342692579672514758983345396097951995538466695582030068661971897602886174797745842220579904576597170800776855308171559339433856318617149878744175313368
0.8033797294676850018456994531755506240396173350963312265443332694295770609511892342107040971319204724217183644111756907602874718093656289602146512151788462
0.9921654058971347218974452740763302208112703914306828503802415050704795879002505104370870691496855732657797591311783142399757561947642457761341509734166593
0.929449602799609385924539725617898155252275585698612166899895496962041724838437651973870059963215212982127321843640328915730425072527204662605183579178238
0.5102782573693433505828052085608433746149793771516879678538107750726978055024740644650272279055286464082781985349003974123993064471812310537491990653207158
0.2666403145945621756665362359872722955123859109874388385010557414887909775856908140693411983543871714527528408817748459538591987268747976747024422608320959
0.3907342057752497512434641711856287948633716248385241432402673075360960238805073317212943847343130104655762517807136027077912991661979214490095892484784522
0.9878929331417353095707937709096576882190753099259867112608202328225187025413215991006356049775698200414338095509702810268352035069025887559232156649647368
0.7171679213097451960630855612661209399682251851785774179863336687619272725401053399262380633515430762083509575275636789250323810872695735941983710754358733
0.5124918772160976557547928014571001839500917090868952127371390047380762594614089663660481926540421345385589522061819281445532361802425200151789784074468961
0.2654400078112959960719970586153501496961447428839260413300727199200064537700271891089285848936985150842832475896000224988732308561592846368555145556875916
0.8689024341545042385811961021084783832856163014937957997650337001580838964352261700501971903300335808922196909388723697851615269608468800963937372805460488
0.6200353986932563976037126380992992825605965477756380659427771870681165574377074610608590417131737141707447602701036754373569294685163369559822704548279684
0.9263029558071292424474852991928612731681714777197956667246491100462810651633846433887970074398420540600599371032818652435281194833723291286888049521437758
0.8016715847185968425923635894045192391240467520409111259120376594672924818023899650160102452312593343019593940567259789732596386664260181771270456701651505
0.9884465306839737516874615678989075603519098569626023048396751504935749916677611673793935234762934779354679561844005700862304579814395047312681141442611309
