1 2 5 7
0.4733510743582241520269090183884466621850679217488735538134075251025542845735809240927207259631762416304753604290862171934268485220031873728148354043613304
0.8352784297558683016052089300949529205387530048932235036798586299598543856934722349591780406146063046388102444625635044659753485666751596321986383353924565
0.2573719006072289819053755213317636919049274134982389173351917056557587379551147623344383792894804741013294116898485149323749420412526830419918733953468721
0.9633378321156233538148435262494573032157826159260849991345389461548363385857407172477856913422478348310209581916452963885623141778366756617874175179179462
0.862451925379651551402676076319682150831452253443882454009377418235900294027822597091845589671317609761703273776837045453777347989241290428041176381886341
0.4968979625193457036479361700512923602559464188766706235244156600704012974471077245543046065712556589943875304313928556622942877358143933438362107059916552
0.7043321751954005695593259178008072074927659105329571715544145915495748038246898331683181777772859550187526502074995420245600785064946080175211707163606579
0.2418781854767019767099705494919224681917357771161118489136654690025386021532584780175799038512823731604676928949467082934950431782512450823470095960790631
0.6741462199553177395024561819153351623645264749820635932176763518690736561816455664896566932232518542041101393518533986338840476404481106671009194257359097
0.4801569663127951371572638910791307215833693675133658093501150552464040034281055390792376628005851246068557094097899978691824838233594571515987765954393568
0.8246473752709207382788122119170072956151501571934398379625077190154826801889612355090019307152440045823046830189740358436939841375202166820962940600502413
0.9322419359217539620750021194199308012880820263843700970466589588062331807690475001369294872661798897918142283522039081747348856773457108553212109361545597
0.2706991841016649108910146937037334475701243699793629409965510075878532842760329870369844877687543424741777137746570777619766706876580774115294161983671928
0.9349023258240105461335443874077112411466134567017848697929470168263642878931098991746651273916995562590682785989388841048270375611770724281901233839797983
0.6750395674370752693720889635598412588256211611849908735409877182309683528418737566182324574545704074845058653303459002852304449724040292306675888895014417
0.9904554675295241527219745889588211175713046588128268797975551546536271937945615789623640285389856315371553021563730213039199623825931926129645868483181276
0.4889162511771668793781188755393444444379203660271260242155886269750665769530806940677236513057927123239565551180382710640625096941787924305554668716275063
0.8311352459759013858597438921289840735298427868395654806754256063550300769574812754886477022835677926275953941501422080729432602783198171021791894774956233
0.9889606113865723916624357837863114504780768260222102171629692364146122121731843081259206433210203192577058921121242479428697367738202192589592802054232973
0.09146960092229129666844382857347188094804340060944358403628104865354704967988776142045634187661481197522411570773217019545688009637761731877224038069375124
0.9840171484895989286601375587256458989310093688146681425718849866480816178920351006086042459157266128236066297292874407947428068528848564288680899669279289
