1 5 2
0.02848541761437190947981636680509049067543955099956307246768022057272846909460484484899086880873256013312352027440787125105919433097159503227817300336054009
0.2102199567031782570080622683457926101339646930406688980581418707994734717055353662673857550935353182491898192546319835734947691586374025714390844482620376
0.1026354827122464304491150698849441620287280589865551489071389228860058913101549298341871540785076952908554241325975766072162966115520717438041328775486702
0.4958919009658909130649401190036159926360896894113862990042703757272938715211402654230320976968166993724767171254050159793159214075255248366337921048553634
0.4384659267643521910233358628425194541675046273486421988583496187737194440455601750856531008901933366448844208679062461556469463607889616419926971662197971
0.007325427686064451605282775724001546833610659987009566413610191761224531483229527083799201514557821085247903978489033818214541414301883946141982530907781752
0.1493247886520823861957257878771735226276099547794591366917173647595006457695073582818303996625770188525208852895577488815373354866897730278268273738348007
0.2895811256377058467064925473726169587316093660854788935614998528252485540418744346667177014251154521539120106365782346246078892977072265368331732755804259
0.04601050016542995588995977629486725512029938846791332082232698600624840877382356000146571347617831202904871286614161730562153185768940915924224010437635263
