0 5 3
0.4882037509455415517780081238688147569242952266193188293437260784598990908723594742007670859232846600337227050015903014276069216069782993025871289060469362
0.1092578276593542905837473120043087453092128450827084904551116897021556675696857877122492266256326748640388012312171038443533854806941450932583012074316563
0.271462507014926084877995948022545098534911342246508115058770992010218807095656813252296212378630410950158524354750069565807595202339185040263586142396448
0.02464636343633559476673119721433457820188217514521880974058526474174754948061593851920608581449758195272125815941744400509253943324792587966290152142425497
0.4401116486585931110134537030729081910529328800433188540241095313287612935422499946595649316337870413833492420509985010451459250611202693718568831464196948
0.02303415635526713948164150192892913211391291316008852143813309729221840906835613211510787408486145550103814555291727877525779890910796365330436994679255183
0.2916556797383409605339138119339406171852036126027200900512323406080883571150459751287114111259147776363414168265729535640356313734866074709277921976768672
0.2554542286385173465313557274830696627284653858281404021438223741828661275445606478401452148481122440940992780444676416242916391059769954952356891365427137
0.1162960196779265866307481341497011388978429392936198989017657953355902750803815472637220451289101817221840270420778684090168189071800513890275389696961185
0.02138249025617058959415451482055921246864053309921459691950102977730519812516394123794809341925823269967733560784753898456987040501589821891615454338264452
0.8513377925102400416180036104320584485967003141167857091208396293349974846661448990967993152953259713634210025136601502185126225582475265298811275846486969
