1 4 4
0.4890769464525393499006897190902043876547783626477549188296482293924745394327647253941784059839319621532834239926514263660183180441418625896947118952642148
0.2213722862918329006548125547050790777608164722774024978015397387582298327723698357564897062560610055464724786894259510406304191942596861611608652600546213
0.4269414142598004060208125350313742114037931784216647174368852208489286632321459949600339853699671442984445503904961526949390273009406917953718494907591537
0.02150968110884318386929131353405208259846840762206233513801543923729712003312047069867584362696602802156702769903252944684365936777606078858208766127487927
0.1635974010678504802338879017109572488407711181357998583820579293950876127962673368373626599710257868471247403347192766126974543397619439697974447844670872
0.08789548303219732459309350250033310111289296213622712590325960057503371902961943857171107718305486049434302866830754588737619471658360266413976224568615573
0.02437018690109382928458450388263229488423647827405045701188153451076261024347525693315055461899107673596973057192310596475133070571320944713294659685900322
0.1109220428034633954128695452216745217810581970227878185624563505516538392642920163224467421867798474374699883083639736867554186058957904458502941028372099
0.0680122435542066545256737942725181044524281296750246432230908613298309811406857586330964678635373737447891974786051172447874408418307689349878033856618478
0.308441760892117774658471852541245309718377232875181820553238939948683988555300188683744639333771403247518282538416675165221767479598784313758973977952886
0.2725158177734296661800504643540868454017383984651651055997495902481783586746038484790800485613057976650008662061109564316705513055286054358267533168884574
0.005126389102382368559329403341129105974280118413585166075651674530342196578849573773492540551204533731337061238375266779585989965408975292842165007750261706
