0 6 4
0.1772055324125434369566106904650590760833109302399305532103102460886156087136462094799023139990996324083296891668585355725151563066943603040525678039192439
0.4176447193404539225094408221856434391095264264418865131145935022109008087314593025023582685671140592650118085414152707665289554229058183634486064333779527
0.06179988309087260126747882843693578838345081759577103854888004872139155827704000663391963032189147106624986769664801439751797403470202812773709052963020296
0.4889639103621786386773760204523902357929679728255452867796947450440068554617597851065694515048810384196954022281852382976111884229900828197687517652284233
0.2734775283088386597549442832626985561953961499876598344430283087516262140125228401891749928665496339877953941614185398458140000491445540356232271811120472
0.01939096124870104817825009505452951107419203013855046811549594108342592540235857220670697881082042982825937666598091038617355607466451546509776278533269004
0.01464695005565440967054132792007421165308334135221496005257231175009463949408131180700057282238113944776252708719605833988835087426031917403547246023121855
0.2983728821362577529708315180596127285892732036484452032200367699981428089707289923070785466575697605910702174349159729428167586374387403004434234379765454
0.1722666878213555783752896016136573333568290868380019632718471570845774319240518820286109255135001328401180840484977720161628649054740925234617870237340112
0.05712475740364793903567712421891471031653657785990023439331417753485036232383163254423502674029300199963722255354956954324444725713782657243076940403611031
0.09291624935697182475824858954872035129958778735420218925551719215872271915511432674888700514560526027654398737181927536039484704014625003574118387750627902
0.3368614597963450017440551970889253890608789718454412930234858712276785717467561359127376555653242079427458051651538216820257449057045084021154489527424116
0.1189744976969568453981819619299054813227755368517225868099772417591452557637105714433382788363236484569670326141071109607408285323389008503068232784830631
0.001268330932872025087246401095492692673062180720498405300431497663508580977749066612286484268625071779045590275402168890930651971574817189714293109585608341
