1 6 5
0.4053622141339754778667561107197508589655280847837839159277543241396605497024608796733375105615022714907405226989171260981032518070555202782195303578408889
0.07017355289998601748435975214342860463612064234134480313087940037747750399767449931806804130763978986291661424297657252678324730337813848135332077206896179
0.474170681438019791978690695274105905873594001356386778326803620317128855651236158654965564441149829820182645053997148124402594136897625720516054995235667
0.2263787134203495982907255810846193027261451357958119215022684615081470633798737954160731283647660075722612778040393566519652898646877422810521904500566138
0.4949969567691261842377996476839108589477372958084128143325532431754034549468878567945138566325601665705728487479679123825721741263591598773523797290341478
0.01581172625098864555895173378386753015466164304409518682900919430884247121546259751613580233199253011502884196169326099537093394030041576950278234774606608
0.314648242812450818092632065214891981630137089723317413046881843334501245914260121516581768613754103038781492938959201834836868392494829438951832088995994
0.01837611238568109196104439558139591830134261936087677267925765444917683789888081404998551369643983667061552665345815067563267825833967553834080569754576468
0.07094860523645554006058758721222110794626847440487026982245809382756476646420661727201841328865928800045698950171295462964097971669503010660301760737158298
0.009139237037308395036551817490986518092802283688596682555077637131388613010408698422511563234548291679178028757901060696095973856917586055153135956193557531
0.09424205359215536468533038153030541818299318995423330058543925336856594392980652892671393463722813461316000548356295768110955565042938186787426613276129863
0.190535589476393933430690249685964140150540481052798567636914619311676139154733588097756760951604025145956251498200799568962224012701241304317135464324909
0.01863871372816637462296409840301257078002457164649877867121546116928073383399331124082068575290410969516049402517361753083397206162568544026872343456966567
0.1680686452224143554647775885836294606050881879646654272299082176430907445788823473162838536703595557165915853723301238816616365271689314626197057388729823
0.09579672364760859633355506096279173040253658512626808077482567996276396145819671450241066797295103064533224492872020559047733865343810482916270617196112514
0.3389506114752771892145930046704519820657845914561257738288347216497713937059219148855651880858868730000996635037995623391908732880990908986108216692400114
