1 6 6
0.2459900704671417344717177797670801795021960730812570061829915034940702854381681482868230336157878494607930991017390580340596561151972124260126141141502495
0.4155848968854205132209806761840127357002991437978683980627475297866027470801659748158356365361656868969803787526378832464739157353161962306064712479996537
0.08535556658670032175532488552136530110477699896396788945300098578924664922972949023105450920379658804376325951354892989804521837899921764728013304693107077
0.1619186441912712268768832670123424355841556152646134627527964121116901036036424199954839851361409791739524681338716377146255606046051590993005076575358183
0.499999999999999999999999999999999999999999999999999999999999999999999999999999999999999999999999999999999999730921681622835323806248555700485828591078184
0.4752807275459421040882577905345119550271279540901253123282234341177377880619312017243851215223648842395586537770292703826726191916662951682524236628853539
0.1910747636405290792532872519742710198381199923933864837840467479318269251281381869022098708366586993120508343104321151735341215484874451422926666612222432
0.05475517491470311289172371139658370514584314387248891197795679384291973352188879791562136139532861237319172285294614289923644963372157882223453661557488947
0.008552204200227611777913864520273617394610926839020436084305820739228056071095742482555579305150533042086070283602733664522122881196792724494865629439435229
0.02320342776881370903748854127160039318704029924731558208075870063648643384240370414651611177453779956819747325565752156877644931249070734417989087406684062
0.3317645234741476768886582336907038524013607936893018392601728936652894903749697249335860198947785710303433165962633392662666571761194537045872911981197734
0.01893177828040591498171527052738816285705985330272267987512223507100669903230695032359652555514620978836040096971984069102262246040068322227071025381291258
0.08069616698587292507205787064864643269497719630738639425666694147577812091203216202346098690232122320683614768091044732688632297887585193198853352747339492
0.01903012974369744879093521215748173967977027863879015119887634107762325899624698685173759623026001804753877321590035586362873007245431633712102883513309648
0.3082449691963539849079884477570004053998751147366390814220083824336646502582014420158519193744546707259120159926424396418293493348837113010417099003522413
0.1026061902393980963017248516145717729656204208070224907842374155955474029115110903122013880870821730974571465234869539170368863892347339052444998845410189
0.1874417824837820876410877060822772952123176142110608100413290300453965804909874239005975260069591777027951268954229662441391792875856409314911133314185778
0.005936350016822269907481967610658016000529530258520844943784005956929795092992138451787053402297112194164062649406728549080697974914713359408927318217508208
