0 6 7
0.4171034443615992016051229163719996166026476631590127201752539770345140502251057439981161736772203687502047596543798643685309240412601638804950181858924117
0.01475549166075395340315417930079530092203110263576758555317178633617758407330179347122571221713104429558324120488986432388496415347845665686752061563294101
0.4655978716188903018958915908469377287421147308844979868572664870724574028728041607395541549181291053316747369670971334602619630958506989581111355769737758
0.1803581162663706201858430722293804389330568448656792179030098552430501579267050240286896949553593361401174486544687752970566872996161032654997808319794689
0.06665406347959692975676674839849884699444316166283724457839224403960263401372612320028385422286478447627656692597822889842500778081054483179592714391420353
0.2857065024365866280018378787446920208954805388118497749093740868913469095346069850786793763094079944269264617379320114565188478319720268424817074151371326
0.1591922874727926787233020796859150906119153415732958748538786382003090437590473209964025241865612504565667698682283116871264275256687747139374801058755103
0.01601764236211929684240731213326478653629893297870226663991513745149054040690718768072567601819989095085716629782852217920660102998405259187930228058198902
0.06734937786736119639596820334731430223893494733345479712172128784742886523023302733194010511611941749407926387616321829114437647426234275669525105663730222
0.3062815917461865415353094938548733725758235308031018132425540087899844632796233911204264121615080629593062257022233913273900311597565925234930782160693914
0.4154754592952290548423341749549358156121014653364201317562693774858593971482658474035772912089157181736482859226147515463055018780977348855062582989328136
0.01322967276008689330701671334910558696877678154076070451822126846362037126058545314465446499939938282656801757756197079796408313441195262834169159057343988
0.1687225134952594569322417303663269855440603746462196175356178680210300197829309090157055654097041782006527318569726073371352103411950420268023608430987323
0.07804234056828242417133087051931311510982233924516359105960245476762425554637266682812309262674904855000880192843296722597399483852454046265254040712433574
0.2717918700553548435174717401936673053544514282280934079749234142239731906647499762336511599044364867397934402816802657839913766913489217106874255275837891
0.01313587083400269496660363942996967264937950531746574606016759989077857554946801322574063167802161509889814936314234474737590416832341923486659514442224121
0.07250547079900242627452564245924220148025912240785851130087163389001640922616818754259566701524949433404678677000770952336710982370550697217017257975821283
0.01157517590318061534804211840161445889804988125484156747315539898859729362672955392615955525802096801995021360541520947460496642743386359378362675178938437
0.2992189424769703208677406847860569518880545786299298997000512345047085323127947711047962288386415245613492912409226794064484198852397305358603328983917621
0.15750547792686990502761091552370071432425807641572466887145026024462781907725261747420968865089606143549544837914330642958674790588853778782230899718252
