1 6 8
0.399955628067576231680366121769806388263021599746769044708429346867742055518194917028207026980216056148176843961123388852983212349589268966639671621527571
0.4875803015748695623131855327001032276717306522447697143862901233055651798896145606102250159719487756675059677904151849338643474755625806644957680995960238
0.4618095064064492313687129377918370678786309169719297991472762387216437201147791082967323196890033201546354076127378925580290946163959491242033509320841639
0.2422647025142719622049392332971394756086386151664631139616206965194693807776492186785441799590779306294837588850690406058596312760866999416127496286541541
0.03883025608868559471022082029913089558991093580616668707448532072730588409841474530422208862379595927299321528592043299242089038148543816863141956082881701
0.09194774212164319673588439450168153455855092960208660199709955727004335505538357125354960926719210732058603945968057407588374455192650476966016958281388291
0.1838227079254640056420979499882001377130449679141359183522667917420919226428605875220163610984138240636707807508272749636501149657821484336623513892844651
0.04580491585986078112859209250595773954453800516588120095016197885279887623235704749567794963250459388160620167774636209197624427325746860234044488024254988
0.1226967573719275534194991170574214810913365466117064165749019518818192914968716453536144091299355520602466357455141721518843790231245144187348734300332824
0.2063492574338379334193451851755774251091131865055726290449205803839172137454660401181361296150848286718790193227728562564007364786819503755215932164265578
0.3956834343322697026972153405367883906640612149845699850275338864882964547462728045325501282269261185004238353955565595224931037349771013539562922007350312
0.003897611033473382536921691342810662020802572635004962060048969919213402763884641894984894658494838628900507686833372698953389974531312750802273729726632949
0.1081957937910332930297895432258834257672520427584846947884116807151159908065699813602214401809244737251213877130621584448480925639361731776789056009356007
0.01346201674144498921436010509628825028230861454766657313350565737546131043729157537119681988190190686315423363329162985308492412358270224178560523436894223
0.3197516245253773419445701042592644799103325181213328024509850379639804498739994394786248857555436320130631965431280763104807384143604310655538468185637859
0.04026028346990806314438360240254574392706449537288702216063153992762627383557493454017680683558155833339975885872183054560646988164373216813670225190122697
0.2357721849581917406540634452694034466817896798084018820161095558780352150324720874106303821361879779817857993721428629535599056971754489131678522528467279
0.00529833518660976530078710089623529360615885981168478940262397565414099373623966085892337327733530698207029894609330044581288274512900805057738101573170976
0.02709091099516201422578336016714023890031486961298264256637147288671665374921828224919523212119460724264299918259536512812052770546323027377450109216983078
0.000548360042042318992418009774686993328002271912032392462417504663258455106113384423311439980841656835995082781861113663115465224361952681224170257678190095
0.3334935294498807570145209257134290806764881599155395166204550648799123306384515821631367769551355222189737700089899365158670022552563803954760400884533166
0.1205876951639246431767850532106437529308075610886208969950216809581233097768038018714013836080640318275356997291708882748261628419206133554850635097548732
