1 8 8
0.05252389035120896701475650602243668853636539272065564680184190332035013502371453394492676088757668090162919069069068485196547124944888287460304725139962537
0.4925126750413368694968976635896247378159664329315074797387438528896699129959335468463116253426774447127044604852620152791459497728341844359785171961552724
0.1114488733230213764527052957047143248804578215558924177756563281382045921951287339646427264554494396014795687570894449575912351619352402434613473199570245
0.4591942010395436574701939289508129779600963804020259876072323717854073966012349710876162743559608358762840012267651819411049658448381023165855424797736996
0.4039697225519011966080375085361795345775574396954970129226068819652561548391683620473057668909111618358830229039249636904776318190879670372358810405150908
0.1781701047817643108427718410007297860046819706261957790156299040626483422672747297408074232229075975770791380829486431685762631084537312508756977567843659
0.01163946118378944692098669994462738175745218295277390949663136692946224856920923981420014860755655511189392237860811716063332587430036384119267539201195208
0.2551616329136076975087494490210432986059221828033106266762666357620225665440668161311473421275425039179119973869659899608585893919458096313950549120551926
0.03914585933169222132467187110289101290411341846339740093082947537284199962886809184786490429092968862554618707250501386764489157481009152499869671847316262
0.1306976762680324045696089423471276323936123403059075929710906674895519422866347698208518462927807290609546298028173716169450366204743608011906155292584021
0.1293125644701578330660155518565014619141249536839272338698046901839480387090987539220877185403893728540000480370359179944524379600973272048532831182836648
0.311317629809541252775130649786984553877238419749743346236584329532200877528058026737725074618087197910311016581332641377058371716494673863163117135907042
0.3646177809746110593430266391495939519078307014537695323419906682100004466855538627667103305209206254431224072865826104018117568242620660106500314825993888
0.002068925896604807610105701859405478964962767996698396448888781822793664600371391816018271620853024924039172462291040222326986535949749869452301875190027894
0.2214348854323312115820556838056889890594034813404091560073978906613740688671300442798815588602669672016368989768829286000769938420321000938174189574784624
0.07456029460162667853706512541265178406970968663348781267490596900898632524254765450916214453062783302820249951313314190225719743014581851186985632882347815
0.1424257573657563091882555904434121799140508678159221006016200179730192688423523299897683296260657015826070792013525260176962712212502037640492571848815914
0.005007288257354491133491094382582889317767327716261446792537027131931360089660376508651907799989588228358009198371446912015015661200372086502814349206746784
0.3540280097352751597480226852822729263124934855307537305732950464072146674962559952075853224473822880289833582720354129028714790563346105462648679779217244
0.04088801119601687613912789552879461629604231089424594851110235355087835620062213763893679352274652306183664684918203031365205169659144475163634092762081462
0.01492405208198407167540038607536061135554795613688116395527423070039219174472813244675106386982927143298531632466275685604074610832358075713943838409864007
0.2418945789605795685780289971931413823323737253170335688624026940293253828630148980548723032730206221476259912877115443688684271157704997376636275269374206
0.00977602580088815535131572896412301898251332673984822231832148862988012176754299804732214002234684529807822924371929691486110080285564424668717770415460651
0.06008627532230669799239624595785793087007312131489065625368677183083466218627532625191965065160313997956579000190498386835090645751563519927170035394467419
