1 8 9
0.2545792676733391123848526481273846384246577726451544411419753896136941121482966458068449677188020355832992487931303039086593193021433383719291403361743553
0.01097614102839776403964801185887981246273755817914302346140591110555434731763352351324939060022268169768525933666178107835979774716642904812103195296425695
0.1093835967117145970168724748998336220550815747520544723095475823680383610291756752822923605506288467968722202180846945752158080674563580830919712538715264
0.1862949977445409427717325080576243544746379920387995936540854210565745796007495828432866775950779819674103767813324190237065395598949471840430683396280087
0.4455510569559248151872222784342144076670224166519047941601693595388086202426025063002267368590217796885733263407136462027134153986758302639701003848743174
0.03731088059888469399350371628721622194047906564086032903216757181830949155827180809651568507824467554701956108727559151836566923132024243575504316354102413
0.3934253478170998586789637435032775914816217865387859116147045335271970608243319804100525024564342855346007896638276715698181053837864069769045269904546163
0.4762456115404990132103518722325909559693213238742325985383919755635321163110124324789195825744294242071431699175936984804763432692564508947731883690084476
0.1591337076570672245646153514283518578075466569134154029457405800950009752052591149003689877911402647688007375344539744044848618050399905343769592068528961
0.007570780504696528263233458528561545988118731701819471479060093091706824224599176451744855561729416800121257144752670390287415262129427004170944994047363368
0.1985181322287881783800217030078489983858401890582876734557953522577817784462605729590210363420012934295005307480668933079365746847010822918066943000866425
0.04656036490766431651376955460526805646448908654396545785305270417412191061017122640264193669169947800561671797380077197627985488320705493826216648363750867
0.004854937607623753288365151578913776739384370914785964257017124716418803499960453282359853321564332802554038579987494652548464337950166533893498927386191924
0.06409058560843406004986566761783018771678750378339622361423130925207227644914029212850325196067376760457055757991361064125604448485888063848476403807555594
0.3331348173095874894276250976625425137982380305064676759773311568915526106918186518957806482877829621839553713438327816785732549137519670256851772460697573
0.05498747914298681063422724851581477104156297406064410355330512189724763719561586433166293665679023527504017738173098073728138512632420089226709904959630238
0.03836368477537459537261135244715150134364784548388567745936256700400813975808263812881861712372194665090371518100880463731322636071756123355222800118077221
0.09995229628813865538290782334711619809854253809465757209149259696363161566826545898436893031468162820061802529973263481033635580483199218367456547419050711
0.2156070573900944030294479679504915863200501494791258673085544443767167112285456668169335197640006362539188038331993699316048933833605080130941456874129594
0.1062272047202700423625543020538924480607031883632291345664376964630207034356473305790116101993505986541582328242459225375006502491295612241792024972702971
0.00983154829280256057851123572868674209930757868882199899934684492501119271795428960241341161556907366154394089441109233711460532532633861517322756237956762
0.42002375881622407964644291694726894359899448907665069764829891052098885073321207925417460695588971243211798293436307885964569498107866756697823742360476
0.1398080719917998985941514839684171834589393357145544403846490420069422009569744477003080781517545657981968037884880307303820178243222700345657487192878472
0.3178601238357720159759676716302596482205781353261715263588337879941402841522629952561664873266346133611344174076957316065045632629412869950226088842689273
0.2805814114236652348374865305440632067604313474091121498204086247780720126282442111329214252928320476855022136153757769158653342901766429283251280154010375
0.01073721285601108733052456100789577709647379269112325792531020940081846228520146193455847177489442796582728526768894237128559323315288322183599036203535813
