0 2 3 5 1 3
0.9999999999999999999999999999999999999999999999999999999999999999999999999999999999999999999999999999999995741072968276180232259538571975176223101283597373
0.2838364013985715684657060577249329797041979947581330881571571645260969478524928429215086968138226859158705967840164203070623075992067033676916389163248439
0.2074503749892171159775766811165266441077652271280364291409496084910975603161203488849820282739539671031520860737092232460954719736584582649328338411002415
0.4561273628680817659938279536840827706880166961920201600727474028999563837828541619299988897937007002917226008366989154731209633860824889915354099705244686
0.08331925215005274560188692086207388650753127838626062264097180148610615401217868935188775510486279057174861619898572039504689298779209009217735756490200666
0.2071663521398310838453405663050419629410076573160041455479506359125694797452541682782931337236187094385269794678227826256493594823436664808245929452806287
0.4782902609003681397024798511636626521729642799837284927115030401952194392545047752818612700640924950183380134209837265374300690662199554479265749664928232
0.1429911965428408200168530653437346016670173363678900444270799341679221839589613252455838866332749760630188415592811057472513309732456250414849923238724163
0.8520666639991396363392553699935906628019281471487542711139316195872172486995461476829474283840864448215189367470787868580023880179508869009228389249626744
0.4970408872397458675322187292183234563882127996238455930995998768509360181287156039473291274761157545560729840171438472684239072422255521019900223398161855
0.6274901116479534509502859595968358912108410668567108103127681704814472788711848246352220323073872925592041987037340008819932113185294691673595313211174129
0.4277824598534921014287863403602583327766878478303883513111163991632913711962524270074298522107939299178517482039550232616476615784833930900575506968013404
0.7689718825529410467272259922103079176776675571985191369467429990227105039085161191602611625843555111195580013081323522804671035740753131861411762435051342
0.03672468946955380683479595856968767100496569243162142702708887745941907916208669626523484643535768107274380714555278111198021973284539485758414495647776471
0.9453618559217570077140104614332747845298498286880740737131176651381232791812743351897212998295378880162586291810985047984436095496799158168897111521180781
0.0001973394486242749665262898572083042384983999014756603099310744940323417299735002649119959043951317097564126184599129788379746903766388278272141140761924661
0.001892619599049398370696759729672808241397537507344314031330288648876907053854747160468741474824946497770347549375299094874866510900189735998528255007743972
0.2939570729809125891049277570101681580063439028706651850973615494574352554117213205245915078664064323959114469624135102617594800721118683217104856972684323
0.04328968377949190999296458830380775254438698150698888311216418781901225114277083493640226570039571788785065972033921070297922794743755820700143095405899035
0.9423634674508374948262730095338746622074017158049105385209861911984770209175289827383086206016772062137419515860028460714839350903659987220995841127511904
0.2741427466494391387033291124771927009127877042550160475831891098038054647770202665818053775562875880485450849947985036114116359320083590859119937973024764
0.03829151917220357934716698056797849189895698264137440575050651484400836189223324285848134636819717583539993629528355717432294056413960847067595289584964426
0.3353361086673943544611649813126514159906560705919481127139025654165189463201601289987815460052855266785891055792866605193037912395260550896147594281517938
0.1136969977333975658401450376254489143357118791814884044888134693049833510268117049634070437069978971597533710095324388088120407101312879367237348379310721
0.01603939362723344638945578964249967677734381460609795189148333564150765153529501206196531068696782205893739297811305731759586227942660451088181375331568627
0.6143235018770774101573254751971934390309937790657434165025239834049456281119929445958070009317390190411328131493556593513377686447001119242729358992604257
