0 2 2 1 0 1
0.5266227048049747586979800774837924432214584731745026016572245013267037832520442924150624192713233691487623121955669047186254843509440253603380465473205824
0.990836300819244748692867183002051677627186611584948511091508993257935620895448852900043794145228208094683406463794999526333044367636036703003286511705034
0.1652032650280924673435380371105531914608004735464270547497109042338175501321420452016808393611129376214211295430689495913788567865244627638337306763760735
0.02047326961225691902392707921017309148110680952983162440222357443877521614493566247671959210034664758621748707774696819085658013249066228038549018650707957
0.4661116655901595093988599997000724714885693644626619659799534490423143298216462560564304929599817920994585686149504063511806969837249563800220086991965682
0.4816741348843875126707956659712676467805019659743258919594514604263877586143130972394272457179243276504263553988736280830065764992890937459402277480686609
0.0346793624410469500263899313008095283244177300126893642208907121985058289668619482674772577526206421822374687280910398470307908139424507909553298254134624
0.2025738967252307769540900753045020731128111635543483962500842395521329128211893359284130999232050184132279321132027195471752930900589840810088002555125895
0.8092857932558327523164543280670386578721306369482830695436203609245307095786454835240220887394183818896982508444471788760013524049496687852267380752730236
