0 1 1 2 1 1
0.9802280695908916017150488291412800860259268145063093871651811061751978954313106709089306351329915305156880727718717420588578932589458388192375566480861756
0.00833759546602147219704584217260209353645556322363094390725661298954265725292911628298557054420203748194966112789491723673299277552907226017690442689195704
0.4815219753291366006367796227572267988218057840834295597329793074679047612363980500262861430870797905757102342613541569844373746657382729990300436136897708
0.8413873542065259929509606010035948975769786455427865682154603428163875893171858276213099147521756265117455611231212652440605804254264370633384569317712513
0.09548324837148936615598579754220333493290966275705099089002855865834578524583779026983881512012670820790300875998529501311584394500879356954974570681959304
0.7958490905869830662690900983384311240785009518819434562947240636674886188371513091301041121657924273918787763756312819468867854245595801202872246449778013
0.2448541863287260748424350067457757727746833233334145025481656631066277479927926150440967200883537301867746485527866215017428709375548346905953935026482112
0.01214913159837828982260316933049229727903465114622309249549286216796556767157400077155424945524204719841184504464899421943324296073607451636293525967160701
0.5418591851429763143792133510472168672444772930536810224056092107175245528715035515450134553931392180831893008086709620149577393855240272614390835344507345
0.3051562164322260671507001326512292835364464729045768255912401534752037486613905871263883400618094345305042652653220229415821558177540391812368346694307108
0.4039345605321099116998238341362959742023310063808961751272641423918607843715097042717023323260156148053439060002801203935318243173787817963985117267164781
