0 2 2 4 0 1
0.224433866105990572865924614665299355852039471936139229201712690210767758239146079498383731754784400850001597102901824323211386311778896292394882606556126
0.6818254415708658117021516800237403952237451670010617034993986985710748214404460976865069559099439072442621666710460901756059493385356555923790632727123477
0.05341235093690713857805456640051455144737624984187386856979595345495455516554171849670670506051656212948277654276626822373266155522195010782132283227540423
0.4600889628137106192799108669696059602687032060317666965742872567705477126610759327689149891228956417450178994151932834497829840269998419889404017156309231
0.4585690687909513369399995648767739955220563246168917211801369875527956342408576982056404597168027767777546293867829092187891231746942482576112077695323252
0.8761959100002542447402532723423234595516485751862949805758714814955785310254226997174941379031465332859406098191235582282353198595505170715406910393085456
0.1740616079243703876164848703339197429355200108609867582391469732508582498446289280165735896259867522311770547503268304120307311061974832288965256901422571
0.4060842293545902422047250769644037037657119936196169088431528809737299614878268288844063578996639941954563268230980036887772808069770991960926225955074788
0.04723878583976937533511219537711261802411695516535614175845323961158593956827343944187400499416241317504142581130312896971330995557457878012356919764907869
0.8288154430586802049348627574601409307840720479491305844486940462700825308664679089445373187607642236395497043966506090858596223347029937956519533727478274
0.1597492639425889665176030341473692854115352008931147967829241521662891455078754758474310258758862489157662102330713544755213052729806697113384698203079146
0.9658651665406543544868237173236976224540024976397361645403927366099444882852770259041782698575681041142097618424168843769035492560767225496673424211905013
0.008588127507759012948957126845549626670171555107335573324272585229827156601424081878649206474419397452885291438810344898411686812380014842380873322475519871
0.2628138006912410084576326550045070670980145807237316260427851959773923697245955897968346997809720576706667842459348945744241690598485791170160471165886936
0.5773502691896257645091487805019574556476017512701268760186023264839776723029333456937153955857495252252087138051355676766566483649996508262705518373647911
