1 1 1 6 1 1
0.8758391587998776166077217190604240839410506669722887008078301148524727304576973326967141274127079926772016373467869327812808974068773902687541875471382417
0.4994650351706859225052771794246147303036968214806462105661018893021615519236933539294544922452421167185934185495445490311075218239871301995699984390141052
0.4450675000425036601684427600134858141688556715840520993046479023736460783638694787227897211314419311474212500256164916728993401246784436103537805060215731
0.5296335552060767569630073935273392566646487460617702439068314963106535240185717097391834982844725808312358037322667243566920225035424197937079223871113454
0.2111544337105105215819604301752826754857123921484015557634522743159933801564179229062464426066915269355588686856970784478158982039013115849137782431513002
0.3239768821687700516525082499859731454797435228843953833856531858113447801021411810892744774346743149363809920687435874323491171953913870712186310936458257
0.04384248144149282383774664482932595492779119586130934221424158249181608298826851768745781527151978910213605620207513671315692479170927045320119688242884188
0.4016516685707887210449942845937804944897764337534140896393745925644720487337427404377808604723502636481601743375383091343670863502743452731816604092462501
0.4827499316708668925691915244066169804800469732409306529075860168425432098880803912646733070913146362286311666468917547344781082852759359924455677181928926
0.9677921254642105035410819146400981344039112846142435099671909601310990653297145357546328643069695433134801242927618901082774564274066192098651277925187014
0.17717824411167727696445201017061195829838854397013974850040948543841274135532470286491722610113000461333778848978490069529054211090095476019707935794416
0.8907817404569706657838352830206414398913643328308186586065867805220840427332005134861598985683191172457832428015738345416210055955260162701200344409665995
0.04623118041094382654948252507077978480575812756655804330333894512059462655481709727888451672144147526732275918032072481224557024323074116076321354879541021
0.9577062038929269606887790227035291939031642017384755342385725704015521209236681903892295007314617861006543522429300380188020999108482755817082903545251773
0.2159377207036349036138947774800070560574602910877751202730667240069104288225856865451452013548743421281797605010598830719799108055608885775465946659383514
0.05936700974336561777590206318506762162446426282149572320901179654469214164372193795889654380046734457362059642048520104156257128615657666228522712617538218
0.02746699468060523688932892232840218803417524362820029073192872104687349578754413601872384622225531890025239777283490518047324255410820809257391680462275455
0.2241275457533560634974731565349850679509977519545513752569897058798736145256740632104280328270671420452873912283500768009325215214159301847953200090660667
0.6952205538716347869898119674418739937496466044596571998911295707376107912463063156942343269483209469742807812276621142201903022467944489398479605743690095
