3 3 9 4
0.8335915635582545504216363089082427512035617977853483109566449009431349554457384550193401867710657564233228104072191876154875270444791739752701717687551679
-0.2977263873192948312578205301429459957218073784597006998502991287134366989514890929257470791320160638148729378941013975009462580343175134432160369882767982
0.4838271359265998794625576736735051462243482092293242718433231074130156224449392824521232989865334044348123427708249303944386029538175355523049901309138009
0.9211301560146403583275192188149101661989233351279598684966448978966784970503305276766130852455721581046076064366015111301229486397236450387465613658849207
-0.8736768054401710461867847315555459254231570904350648481065057309643880860819069499575450338930653288847431610217744803803514943665070142375345073704706549
0.4546948844252537419073762001475210662220212619019040363312368067710938065435330671003680445767998504646593857243252577164794176377369829610400291668185337
-0.6465391776765351870375142629645434672433895551543451925938661139180474356198657044030334373127622672707267089570997207089705176748250584220121205916402727
0.3495469844967066561870342605265227009244462270644515868566655257420856713548497738110753175009318799184476335425835980323274309507783153019319024454466673
0.2041876214158279622935602768230937901346409614343158118030972274356319433740505876605191133655406185861858457780025821996766014850270532641987487580201601
0.4036909359989290549941040384972850951986094963028982097474771626627281971443141553497050208725698465359726270684057555409310894326944521041099800979199399
0.05409893953630623461468158716182786858079228570509719150634347499896950222959937178072082752304882443110933367129641561027370549114918024615756239363514024
0.3714608909064741414673350874963401758168112852532345246315573207189822353345144594632162678621446995040837392660018511090617048100107059212281292997504842
-0.3017791162029017399476822238062736465369845937797992628117101304125590403845650030956268033895432758188100285940987724592596345170328922616632178649510123
0.2995979966434122098660356345280991521109230988528216321941806431688194277235304047606356852179742922297244133344335744050338629039605982782507028250410537
-0.9861320542490731974646055981786932169926629587658491355341758431634291058011701623670046221712071874669948223329351830855235067131885676152651725495842022
0.158226254554178536964601876466712257051637109070367268034544710999318547721222749002445674153694302706274069893760903450274496243508565197772748763642473
0.5505286358663931290470897951695759032763282919962763300896692053003973502754833093906181139603279801366369430446378669345763821770401029781200447108059249
0.1819979349519966468981784792913399385553050433983559659765997589341082494059396777598958523758232848568408164630682074051305730698170287256113107549904603
0.09413003629267826610217516941110601437848580949669597391161286626159222655015150986551345009977002487724051187835054047937817401013834650669591356968488387
0.8455841498012412945953771361383269793880742277462564301517280220716310528790742678262468185231069750053418370819023120501525778403981785177195255478117068
-0.8542031770486790091651070622913557493162921836028107580200156464689810230466968260890895447539207740793599680690902875790045073570776679353142323564473322
0.6468694059373429126448616450839500744818564634432187170311651168321342933893810880187833937921433411164999147398072693354834126451370468745495888894010253
-0.4327553204044903896084514899827863369002643218153402709711304101758535412662573949888842041473043182241516736800354750708372189508616381041340108936258817
0.5875870294087208023517287485781829080237370761008865552194963436516800343334165348230473374833063255238056547630297896621359590457904721865510546951905278
-0.8803739564145469145223718670515760444492749521021330481633733258516725373323648132399611379281188526781513996645256220892207762072630201370529462610005213
0.2237620599838161172584274297386430439209858103624286796862923266760354751273780933089099807782507557867123634008549655459586685396421602004875512063730375
-0.8683382400387533370096073656640561366299565367084515484033271511030133222303421782719765280337650296746989723231376176807958539032070140529139619043378361
0.7455657084697210699842879543157622684723643460360952845545876932390196899602980190252007639021960638196231656436137564169068375352730994028056761779982473
0.2247174318849061709899646827678079574492528698833952596745634574736897672904825240825731369443126985398020513961397926789733616146134736353510335468781541
-0.9454994894506521067947324092242195462226433896396788476642150063775802044179315288648408032484547122996646138492407463765006260533311048130796306857847076
0.4056619527318771134089911076654431816456681787111343756745308734345538417720282871451646956674334000821220401949052570080719622498017559500613089132587211
0.7487267628018788009404385103258616656326446609722066733111950195033790576478701586740315049039626643196771054804048642025389077841895056423841449595627317
-0.6763999741458984342187037500968415887871321488745931539692432699651287289487279739375443441079503858926828210090985052107441694914018037613373435554702069
0.07074256828120962132931409656994529186238536600112419717865063975152827486901101234351233951333489826788712284277669373911079512806238535983053123868652377
0.6004569111268735816953910674131991155448961846760444230060224280730423276497075770953117495313717876941076309690997717240083780075403765921118365673167193
-0.2830588728218984878244008709763018001354580848917706138615510563626867812036866483070731663763726445745585282933964476260940129982356911706358797905474789
0.9422191470796680864522049388733776189077567179968816206417387167425254028754236238621735992445705835384573171493073972196783157968999311853163667708110362
0.6375631040785387203688455806503451545340504711169533024073919073596348489963398813772512818507748666006156340618950622098250491819860656494686435554316742
-0.9851187178462305000248494051958099368625563063871089684414129533445402707768182337854964517363413387716338449104767194817383168063027840689557254273058605
