3 1 2 0
0.4597157615650133858616426537792081131409388974646103295925073601330273883920798528941633694743321984720603212397704704590941920081927061456231302626089994
-0.3991979583724619859338513959071232291388766268053396781091723908170975279639033786049501998091003583845934111903919468180790617755416233506435748580884876
-0.9999999870164556924146001735559023492513375675504572078857777583796297990276395835262700165345837148948166550330980157642641649762021189081597600817209639
0.7065260315463245742072256297479206686200552842607023562757209051806205132063152716844015639467876729798639408873061225121059176543796078740097590436832986
-0.75
0.7051171227788276018107938579794826105711895578168849690659336484481811940786723288157644312345785866893049024240903332180323189064903926586549924449525709
-0.8777761858759540710846435725241691108492718535944359766434714948992034220579424841011402384051438247235915775349831592897557970305984390362349710301625662
0.4328828641035409768500079090981514359131268868686371277053566661738255177860797064591554966659597229752847344291811484138982918063856634597067203700434287
-0.1527973257605503884202551734102697507116331032865607961286441628028016120129972004753020475791021731022320710425093248707780324777570525539263095344037942
