4 2 3 0
0.615291595387918847319549551036132696381637732339145110078519013785558665873051332764787370066922121940756220646611435785195340337132819323184009468992008
-0.996472382294360734794346182693770001005362385390887982361066979893432465610627688328405605230751294623514686020347074158611316096200503655851777749421225
-0.7234743870725388494529692539458180265523882428305498181830141643288735298198994290584746248342766134161358445685784374147350022973770574660647480777367511
-0.157152176128725936598094867602579941788968785636761879451474875717759224180577041460054954592900801555239380609170566375134173913669760939148651946282764
0.8345953511147083485435560937641816550584022159236395829020044957102302834098067067322967647284316562512861638582513382491564944810526628725493737606931392
-0.8051053179490760531622488115468100360623607974738621554937429675079488368870150527567357496269860974443864847166981029198752788174587396375583003029254976
0.4339254093766990953588290760534534212037762492050295356341420136282743395383438866340418055148843836357885337781533145860858297086737174941490844875703352
0.1321491812466018092823418478930931575924475015899409287317159727434513209233122267319163889702312327284229324436933708278283405826525650116332312688231482
0.565680854425675497672813848515505885997736756409917703576812169705557115718474482925424475915444990125804224579587180188419527899124848377396334551440113
-0.9410445383085585821337158453560802013136142920555085031287408441823876374186529726925562716687045173376847177929689680958156283436754790810642307554708142
0.4980790917807059424564250304131601904854492930403663653280416728216522567660166664962524063326747098589204069155641220592235638941292215524387777493093923
-0.4701682735757409828021605110335847085674271821519262531627670365782316025463468293870303361795968967024515764622201389751345001503120471314622009119506925
0.9508994872144824365657334745664414451514013236183690655293152968501854777461917448940924874699405525811846029337350361208049552885034498536387074763141122
-0.9035018587361280303777949253336329492130174132565409434564528227231254348352098555024608701401027986816493589174140600514207507766498589846140436631377246
