3 2 5 0
-0.9999090395835944832415765156982107124519219750394130995519742717728686337705737251544190685734869287883107222382129951793869330208512084738504925401603361
-0.2128342464846915949574304745482983067365109370662575151619168660350142030908598738015109926550224117106381421795938742632064499502067701327532454518275433
0.6773655656337030756140479433241347983224444008062795745976268305797304748212381650823990818029630760966389971198844898378016850728124814586232718305872113
0.8640987597877146974621289914783995543606939076077795399615139197079489837125392495200481208807480314233934056129882259113989217873208811585261091948886232
-0.8666666666666666666666666666666666666666666666666666666666666666666666666666666666666666666666666666666666666666666666666666666666666666666666666666666667
0.6172133998483676410443778510559996816862099340055568142582242283628207026518137496571772292005343081595667182949915899367135155623720579703757922820633023
-0.3333333333333333333333333333333333333333333333333333333333333333333333333333333333333333333333333333333333333333333333333333333333333333333333333333333333
0.3541523808681161447219228202359188050392471682109843426486895192305782149464640276704042824568881298307313102115544327794216386327983783439774019751808286
-0.741427180920900972748998591326927973620033618369459634357072667522792649615998145977670214946479728730031680096243945188951635522542396656381661424761899
0.8027258501000878050980513996782652790470379748520391925357085365869407200470320996847201922776350818336813273725737789064506944774285774118889357067919646
-0.8397229396404438938817746892937556122990867841638552626653037373120948013297470755791648094483859747423201828218101837738864506300994874802981609419782816
0.2541353468618572386699854879085196004441235405918015645242852733873527529017415648908340645352985570951348705125248648228298257257361061683339343328921784
0.2110398602211998273688963304720738620549655107945583376011085366965169245997291068698110676502966268620886437092271456547779812082269526750233148494593763
0.6143051077207852825105004348817808500275199577471325882310259842889580074040549251636185257112164759843725454159133793910639804570654576239968772545629169
-0.9999999998204833980190893146425950254050720130681571170451758343715029352892846724170007345973402212133302955145311084280167384821425342429947608635753275
0.5248326982543755476822046007452826183113237884903057577832840446562699080384780327210152865757063864735667738147486749112309826158259597973142099489096843
-0.4189138490108049363283682412550683737777257348222499257836253718143727875477523150309134562929123171977057584255380561550257970637117311329784490552100195
