3 3 6 1
0.1696108682162519884116080735743029630336567957322164102055518502182853542453799716977241023547476933714195841143744144532669331007049848693062597550474015
-0.4570992091616209794209624418417403857530473221483683830192484303647837590440155374143758433745547535326501510579811835319200445564461177602807187009570469
-0.8571191395690919692972040925801237448015069462750579051683127855443596960031833148449479528472974519054540566127273786229454562324905164561189707868482864
0.7960960887742581840135005724082583961737126625690947435486341373866680681015185772200432804518548226071848010806308251054181984807589098420090837799218225
-0.9999999853527220838960137295585120932387905770753869987663247502606115702053706239395235178502709134179137808084120989713854749644371116049991805680909528
0.5648889587418398738456887142604465174315670174008932206275693000293501359794172291260240810319806476478431781733372897032661989598841426787329226158224249
-0.1556325987978828084741764567482283354062644099121475736009797240716212665098598258930841264903533971843273577553841159510083294580815039263586210647324038
0.7530226935489475609450096921994127246756139276836196403586087656111796622802186971670997636269067570718383455321248124756363375063851592546395899992595403
-0.7044720054069006279054870751572273072216553499478099919692521080069392583996214783403333156489520430336992268201835332709112411753687036109072125278379534
0.2465779424622870163139996723430306660440248694362780208446175535022356347039993999564895379246659001981871655002242511250927614745304510199265915341520122
0.3469056958509694119286918568642155835769545966275212688340467324421477806908223841203398377163229357598092160086085659123156994105268418716355369258980235
0.7338895325467360344550056672083545239963474936984597943326403528279137661594666991584752310640693531852896487562164392133972976050847330092238466987712413
-0.5088583899274988730091071859939499157715026650382927269199260893525542836238260255355140332200554204055294269139144933982449438701800718461798949090564493
8.2682671512759671070733214668120998744417208304405590501476217474892514802651148566008625755225932204919110001066935079310336583425211954022059955930975e-05
0.7165007253011632840625346187746114078361858084578016262123336880808137105011272322027685822115832359675825490555859720516332349457505828482931685149053768
0.3989965570952277021320497124683535288240235592216323572666300442485608775251446179613028305985854322042157115836089595011830464584025696326934984695340802
-0.9051935367610249320003926603018313559990820046067718185340248877512589307776469743664120383245069200571346901480300784150034190272404123766532931744094585
0.3653124144795899900332685429902521383682315143755643351053488416998002281844023111297121524119533196254112754322157158057901647670532328375859202462041023
-0.195628587558987812081574054877269250117968117632740477196439718004828332455173513212226158467727984025530532776812146363912733641131608022725519714285634
0.4834252440408381844831604850745207122681748370950682591515685861071295426344488212018620926192439447960256493502956924034096367887056992302011126631918813
-0.6193703578271817921429725882760024584004158474370221800212872289841167831807256714739909462459105563939590952966877570115541079614369873283827710246740435
0.6314047976005608806258289134001935553845576098907686084724386108977426336821015715357195714017797606627428220665380439646216438267055827362869391222076684
0.8948561964915305624868906368219754929239379220195249443412440631706223489604533461260647604433188648337726965400044372841251861047308976607957473910517209
-0.9090483915524977956701857327581630629298380229195842259653388491056168943579103738056993085053927701698537547924363367918158742069637817453180595554889999
