2 4 9 1
-0.9257081381369888910912911919008151280677427874651742332171661260924193163009693177758126132792791730973897859038161868974150690718372815803072052668691969
0.3884005263406521913568170830579088638918281936517322045051100632784726942398343221653243235298240842966130728588289332169354926891353538870948763831590177
0.9258200958608425303279938964393135904213038378098435243756447351314223638769169933890051950559412132558386987820106434277721108734245786069892633396988462
-0.9999999915497429096655555600135519281869772907169527272824270464920969289543365631490073274721457794031067275178188263995450325316778262774576059295539848
0.6760969921163638467298486811319648950094043317708248451718357199252462531961185682838403698110736387812877755017226880247282806505854272313290744427639929
-0.4605364309598858028793135275019736363353114691979020053455388759822417713940685266921652917505577241015639356211024088718762945959962976480874063620214962
0.6163321778509252426681071369436749798371495443298104392248800515373068078681514890742706631789992556292120690430422681750937825390976016704473424887819675
-0.8333333333333333333333333333333333333333333333333333333333333333333333333333333333333333333333333333333333333333333333333333333333333333333333333333333333
0.4319711692851802893108753357781180146957242090292563887354928308070825213926706781560877943881453428994227448378635837500487725582122085751700647835674334
0.06683562089156688997343439539006511745906608676516024249492378233532608699274950251595641507169250744479981664836888548847444846382675319242739351578117767
0.2418018136307698645699176701173330114958655899186874977636540478830447228640173783980307436724898585168871016730140880884912352955843875019388258771646217
0.323976017430701362496344616034506833734707186100348786682445995826367088117631449322400469908760421674052760604296278780122996190729633221806934915537892
0.8440791629031898344950285878574263619582317475039878786413861098633791556021963383972368914931841099876421568090068116759197050028172712423446545064442739
-0.6955905803890726964325244693420027187351974227803471511749537569985121151216503458097403410524574270379162618632006808220595091252893212344154108203707095
0.2279669387608252745019197842355400225760361501151511515907244792357868995885298626062862087115687221526570367638583064044103589177079641106060070120761156
-0.1554689268211090299806130543065013184660463130363649455655703865178876976985274618706848850222949297887456425763178655709638301421954328021738709635586587
0.5027849771350101073285166173340203447625163399147123166803541867555693560953202258954779008775988925283890365031465100336671286782827752131047390985098408
-0.2064712602022194847353058246640939689874607130265400024775577881028128240369331738231864109004381159577174592247327266466907370577451272797367122806653773
0.2605010749834310978082415659999415995838991634613904569151866540923078512514050329760600943903284141915151861786273384322646297374627576064393433376245223
-0.5983585561256585273339273789031840022892641823595391669432657559879406707893231246090549638574487804070630495339233696476987418634803895577401912442805268
0.09269587308672429463440947528553726694589972132513281247080631532777463027253314340825713431332825711202846904476518978664977120449771259657261327517770787
0.7322907415592755747020380961784709200586817437021477774162564144203227543628534702162334142801735572659365298428816435571963789982554949764992644059840624
0.4832161680706445081140313961390801297700881170756762513654700371668095556554342554428630686009981270840968449053600043352784934881982955803055336530500476
-0.9609919750151769696324460566580287245692306986643965218293895353510222016784961653462397099187576045373402664153190185907687206770986271582923459031339091
0.5671855056082324003532037639852487316320312029724827509022468072731203271757678160735188883802181480327157109469369089025042771289349072967808935580944607
-0.5736627965868797848181347151802858969594752842923972557442684754974323370081849180480991440364346077544073136206927310366909794818091818450265070906144591
0.8463949915138761036326928206850021056163161150075085451807820550918189288630393376643213082522273209873126837902646135451364591504206156402401499067632666
-0.969304405503980565657113386895552223904764372213674757403215035422737990291726639102793078225857035490540840273175492974626057232520516550944278000964121
0.8471778681177453305631571537841322550472631819495612134134767870210323528941123417119400719694114694576848170712196723678211482601475619836921288702335572
0.4641907129661462762986126522881287913952497207425105541413655567891954904271073513503877733310771009223104484093776995106075449264538827701131999320483314
-0.8333333333333333333333333333333333333333333333333333333333333333333333333333333333333333333333333333333333333333333333333333333333333333333333333333333333
