0 1 3 1 0 2 0
0.8126143340996264963923755973797443261118854410142565015623860992263303055496694677367549020196962589948447454808135261504381710316693000824318455105884943
0.6016752641982627016344130057853174965863871793341750891723760983459759701877997505840839978414996512664719809937249679126610096470574320225898250713405145
0.8554557610177599846750914706903465759799565228589338002312745719855834057341137362266909961016220352828741567597819944498203002761751272989228353420889382
0.3133934045160547210457732305579512994102771477324999527228618017525730151472425150001993876481814912851934678051274879607371825508606104442984459164390426
0.7346682869970080173463847698675491879196737809851467890494035397628253858803451843845016866741269234276585894277028626049542732045167343597103870498191092
0.4507999351145094303778843457302695239816307086623770670156517906167365870356785580098041644797509653885233057013327610508215811735601101559946798719695071
0.9650996655127102629302818231253445682142575243649919577781503304935258359324846684911411755579218941034993908040822551638252148801572105833888670749608335
0.9412448572106032639111501576311346413883652315824697685537982843040499717006229919959984341236578702759513169034297600915475201951422165799312169855335384
0.3539028145966301349103128708128916762571705633794105047697408360041742972418141535230513004584630606191003707499457266887164648258787780820058637191955097
